

GET
https://maps.googleapis.com/maps/api/js/ViewportInfoService.GetViewportInfo?1m6&1m2&1d39.84748575728531&2d-112.50495382068857&2m2&1d41.3215574261109&2d-110.60292586091361&2u9&4sen&5e0&6sm%40220000000&7b0&8e0&9b0&callback=_xdc_._skzfwu&token=34555

params
1d39.84748575728531=
1d41.3215574261109=
1m2=
1m6=
2d-110.60292586091361=
2d-112.50495382068857=
2m2=
2u9=
4sen=
5e0=
6sm@220000000=
7b0=
8e0=
9b0=
callback=_xdc_._skzfwu
token=34555

Response

xdc_._skzfwu && _xdc_._skzfwu( ["Map data ©2013 Google",[["obliques",[[41.31082388091819,-112.14843750],[41.37680856570234,-111.8847656250]]],["obliques",[[41.24477234308208,-112.14843750],[41.31082388091819,-111.8847656250]]],["obliques",[[41.17865397233169,-112.14843750],[41.24477234308208,-111.8847656250]]],["obliques",[[41.11246878918086,-112.14843750],[41.17865397233169,-111.8847656250]]],["obliques",[[41.04621681452063,-112.14843750],[41.11246878918086,-111.8847656250]]],["obliques",[[40.97989806962013,-112.0605468750],[41.04621681452063,-111.7968750]]],["obliques",[[40.91351257612758,-111.972656250],[40.97989806962013,-111.7968750]]],["obliques",[[40.84706035607122,-111.972656250],[40.91351257612758,-111.7968750]]],["obliques",[[40.78054143186031,-112.14843750],[40.84706035607122,-111.7968750]]],["obliques",[[40.71395582628605,-112.14843750],[40.78054143186031,-111.7089843750]]],["obliques",[[40.64730356252251,-112.14843750],[40.71395582628605,-111.7968750]]],["obliques",[[40.58058466412763,-112.14843750],[40.64730356252251,-111.7089843750]]],["obliques",[[40.51379915504413,-112.14843750],[40.58058466412763,-111.7089843750]]],["obliques",[[40.44694705960050,-112.14843750],[40.51379915504413,-111.7089843750]]],["obliques",[[40.38002840251183,-111.972656250],[40.44694705960050,-111.7089843750]]],["obliques",[[40.31304320888090,-111.972656250],[40.38002840251183,-111.621093750]]],["obliques",[[40.24599150419902,-111.7968750],[40.31304320888090,-111.621093750]]],["obliques",[[40.17887331434696,-111.7968750],[40.24599150419902,-111.5332031250]]],["obliques",[[40.11168866559596,-111.8847656250],[40.17887331434696,-111.5332031250]]],["obliques",[[40.04443758460857,-111.8847656250],[40.11168866559596,-111.5332031250]]],["obliques",[[39.97712009843963,-111.8847656250],[40.04443758460857,-111.621093750]]],["obliques",[[39.90973623453718,-111.8847656250],[39.97712009843963,-111.7089843750]]],["report_map_issue",[[41.31082388091819,-112.5878906250],[41.37680856570234,-110.566406250]]],["report_map_issue",[[41.24477234308208,-112.5878906250],[41.31082388091819,-110.566406250]]],["report_map_issue",[[41.17865397233169,-112.5878906250],[41.24477234308208,-110.566406250]]],["report_map_issue",[[41.11246878918086,-112.5878906250],[41.17865397233169,-110.566406250]]],["report_map_issue",[[41.04621681452063,-112.5878906250],[41.11246878918086,-110.566406250]]],["report_map_issue",[[40.97989806962013,-112.5878906250],[41.04621681452063,-110.566406250]]],["report_map_issue",[[40.91351257612758,-112.5878906250],[40.97989806962013,-110.566406250]]],["report_map_issue",[[40.84706035607122,-112.5878906250],[40.91351257612758,-110.566406250]]],["report_map_issue",[[40.78054143186031,-112.5878906250],[40.84706035607122,-110.566406250]]],["report_map_issue",[[40.71395582628605,-112.5878906250],[40.78054143186031,-110.566406250]]],["report_map_issue",[[40.64730356252251,-112.5878906250],[40.71395582628605,-110.566406250]]],["report_map_issue",[[40.58058466412763,-112.5878906250],[40.64730356252251,-110.566406250]]],["report_map_issue",[[40.51379915504413,-112.5878906250],[40.58058466412763,-110.566406250]]],["report_map_issue",[[40.44694705960050,-112.5878906250],[40.51379915504413,-110.566406250]]],["report_map_issue",[[40.38002840251183,-112.5878906250],[40.44694705960050,-110.566406250]]],["report_map_issue",[[40.31304320888090,-112.5878906250],[40.38002840251183,-110.566406250]]],["report_map_issue",[[40.24599150419902,-112.5878906250],[40.31304320888090,-110.566406250]]],["report_map_issue",[[40.17887331434696,-112.5878906250],[40.24599150419902,-110.566406250]]],["report_map_issue",[[40.11168866559596,-112.5878906250],[40.17887331434696,-110.566406250]]],["report_map_issue",[[40.04443758460857,-112.5878906250],[40.11168866559596,-110.566406250]]],["report_map_issue",[[39.97712009843963,-112.5878906250],[40.04443758460857,-110.566406250]]],["report_map_issue",[[39.90973623453718,-112.5878906250],[39.97712009843963,-110.566406250]]],["report_map_issue",[[39.84228602074339,-112.5878906250],[39.90973623453718,-110.566406250]]],["street_view",[[41.31082388091819,-112.50],[41.37680856570234,-112.4121093750]]],["street_view",[[41.31082388091819,-112.14843750],[41.37680856570234,-111.7089843750]]],["street_view",[[41.31082388091819,-111.621093750],[41.37680856570234,-111.5332031250]]],["street_view",[[41.31082388091819,-111.093750],[41.37680856570234,-110.917968750]]],["street_view",[[41.31082388091819,-110.74218750],[41.37680856570234,-110.6542968750]]],["street_view",[[41.24477234308208,-112.324218750],[41.31082388091819,-111.5332031250]]],["street_view",[[41.24477234308208,-111.093750],[41.31082388091819,-110.566406250]]],["street_view",[[41.17865397233169,-112.2363281250],[41.24477234308208,-111.7089843750]]],["street_view",[[41.17865397233169,-111.1816406250],[41.24477234308208,-110.8300781250]]],["street_view",[[41.11246878918086,-112.2363281250],[41.17865397233169,-111.7089843750]]],["street_view",[[41.11246878918086,-111.269531250],[41.17865397233169,-111.0058593750]]],["street_view",[[41.11246878918086,-110.917968750],[41.17865397233169,-110.74218750]]],["street_view",[[41.04621681452063,-112.324218750],[41.11246878918086,-111.8847656250]]],["street_view",[[41.04621681452063,-111.7968750],[41.11246878918086,-111.44531250]]],["street_view",[[41.04621681452063,-111.3574218750],[41.11246878918086,-111.1816406250]]],["street_view",[[41.04621681452063,-111.093750],[41.11246878918086,-111.0058593750]]],["street_view",[[41.04621681452063,-110.917968750],[41.11246878918086,-110.8300781250]]],["street_view",[[40.97989806962013,-112.2363281250],[41.04621681452063,-112.14843750]]],["street_view",[[40.97989806962013,-112.0605468750],[41.04621681452063,-111.269531250]]],["street_view",[[40.97989806962013,-111.093750],[41.04621681452063,-111.0058593750]]],["street_view",[[40.97989806962013,-110.917968750],[41.04621681452063,-110.8300781250]]],["street_view",[[40.91351257612758,-112.2363281250],[40.97989806962013,-112.14843750]]],["street_view",[[40.91351257612758,-111.972656250],[40.97989806962013,-111.7968750]]],["street_view",[[40.91351257612758,-111.7089843750],[40.97989806962013,-111.0058593750]]],["street_view",[[40.91351257612758,-110.917968750],[40.97989806962013,-110.74218750]]],["street_view",[[40.84706035607122,-111.972656250],[40.91351257612758,-111.7968750]]],["street_view",[[40.84706035607122,-111.7089843750],[40.91351257612758,-111.5332031250]]],["street_view",[[40.84706035607122,-111.44531250],[40.91351257612758,-111.3574218750]]],["street_view",[[40.84706035607122,-110.917968750],[40.91351257612758,-110.74218750]]],["street_view",[[40.78054143186031,-112.0605468750],[40.84706035607122,-111.3574218750]]],["street_view",[[40.78054143186031,-110.917968750],[40.84706035607122,-110.8300781250]]],["street_view",[[40.71395582628605,-112.5878906250],[40.78054143186031,-112.50]]],["street_view",[[40.71395582628605,-112.324218750],[40.78054143186031,-111.1816406250]]],["street_view",[[40.71395582628605,-110.917968750],[40.78054143186031,-110.8300781250]]],["street_view",[[40.64730356252251,-112.5878906250],[40.71395582628605,-112.2363281250]]],["street_view",[[40.64730356252251,-112.14843750],[40.71395582628605,-111.1816406250]]],["street_view",[[40.64730356252251,-111.0058593750],[40.71395582628605,-110.8300781250]]],["street_view",[[40.58058466412763,-112.5878906250],[40.64730356252251,-112.2363281250]]],["street_view",[[40.58058466412763,-112.14843750],[40.64730356252251,-110.917968750]]],["street_view",[[40.51379915504413,-112.5878906250],[40.58058466412763,-111.621093750]]],["street_view",[[40.51379915504413,-111.5332031250],[40.58058466412763,-111.3574218750]]],["street_view",[[40.51379915504413,-111.269531250],[40.58058466412763,-111.0058593750]]],["street_view",[[40.44694705960050,-112.50],[40.51379915504413,-111.621093750]]],["street_view",[[40.44694705960050,-111.5332031250],[40.51379915504413,-111.1816406250]]],["street_view",[[40.44694705960050,-111.093750],[40.51379915504413,-110.74218750]]],["street_view",[[40.38002840251183,-112.50],[40.44694705960050,-112.324218750]]],["street_view",[[40.38002840251183,-112.0605468750],[40.44694705960050,-111.269531250]]],["street_view",[[40.38002840251183,-110.8300781250],[40.44694705960050,-110.6542968750]]],["street_view",[[40.31304320888090,-112.5878906250],[40.38002840251183,-112.2363281250]]],["street_view",[[40.31304320888090,-112.14843750],[40.38002840251183,-111.44531250]]],["street_view",[[40.31304320888090,-111.3574218750],[40.38002840251183,-111.1816406250]]],["street_view",[[40.31304320888090,-110.74218750],[40.38002840251183,-110.566406250]]],["street_view",[[40.24599150419902,-112.4121093750],[40.31304320888090,-111.621093750]]],["street_view",[[40.24599150419902,-111.269531250],[40.31304320888090,-111.1816406250]]],["street_view",[[40.24599150419902,-110.74218750],[40.31304320888090,-110.566406250]]],["street_view",[[40.17887331434696,-112.50],[40.24599150419902,-112.0605468750]]],["street_view",[[40.17887331434696,-111.972656250],[40.24599150419902,-111.3574218750]]],["street_view",[[40.17887331434696,-111.269531250],[40.24599150419902,-110.566406250]]],["street_view",[[40.11168866559596,-112.5878906250],[40.17887331434696,-112.324218750]]],["street_view",[[40.11168866559596,-111.972656250],[40.17887331434696,-111.44531250]]],["street_view",[[40.11168866559596,-111.3574218750],[40.17887331434696,-111.269531250]]],["street_view",[[40.11168866559596,-110.6542968750],[40.17887331434696,-110.566406250]]],["street_view",[[40.04443758460857,-112.5878906250],[40.11168866559596,-112.2363281250]]],["street_view",[[40.04443758460857,-111.972656250],[40.11168866559596,-111.269531250]]],["street_view",[[39.97712009843963,-112.324218750],[40.04443758460857,-112.2363281250]]],["street_view",[[39.97712009843963,-111.972656250],[40.04443758460857,-111.269531250]]],["street_view",[[39.97712009843963,-110.6542968750],[40.04443758460857,-110.566406250]]],["street_view",[[39.90973623453718,-112.324218750],[39.97712009843963,-111.44531250]]],["street_view",[[39.90973623453718,-111.3574218750],[39.97712009843963,-111.0058593750]]],["street_view",[[39.90973623453718,-110.74218750],[39.97712009843963,-110.566406250]]],["street_view",[[39.84228602074339,-112.14843750],[39.90973623453718,-111.44531250]]],["street_view",[[39.84228602074339,-111.1816406250],[39.90973623453718,-110.917968750]]],["street_view",[[39.84228602074339,-110.8300781250],[39.90973623453718,-110.6542968750]]],["traffic",[[41.31082388091819,-112.5878906250],[41.37680856570234,-110.566406250]]],["traffic",[[41.24477234308208,-112.5878906250],[41.31082388091819,-110.566406250]]],["traffic",[[41.17865397233169,-112.5878906250],[41.24477234308208,-110.566406250]]],["traffic",[[41.11246878918086,-112.5878906250],[41.17865397233169,-110.566406250]]],["traffic",[[41.04621681452063,-112.5878906250],[41.11246878918086,-110.566406250]]],["traffic",[[40.97989806962013,-112.5878906250],[41.04621681452063,-110.566406250]]],["traffic",[[40.91351257612758,-112.5878906250],[40.97989806962013,-110.566406250]]],["traffic",[[40.84706035607122,-112.5878906250],[40.91351257612758,-110.566406250]]],["traffic",[[40.78054143186031,-112.5878906250],[40.84706035607122,-110.566406250]]],["traffic",[[40.71395582628605,-112.5878906250],[40.78054143186031,-110.566406250]]],["traffic",[[40.64730356252251,-112.5878906250],[40.71395582628605,-110.566406250]]],["traffic",[[40.58058466412763,-112.5878906250],[40.64730356252251,-110.566406250]]],["traffic",[[40.51379915504413,-112.5878906250],[40.58058466412763,-110.566406250]]],["traffic",[[40.44694705960050,-112.5878906250],[40.51379915504413,-110.566406250]]],["traffic",[[40.38002840251183,-112.5878906250],[40.44694705960050,-110.566406250]]],["traffic",[[40.31304320888090,-112.5878906250],[40.38002840251183,-110.566406250]]],["traffic",[[40.24599150419902,-112.5878906250],[40.31304320888090,-110.566406250]]],["traffic",[[40.17887331434696,-112.5878906250],[40.24599150419902,-110.566406250]]],["traffic",[[40.11168866559596,-112.5878906250],[40.17887331434696,-110.566406250]]],["traffic",[[40.04443758460857,-112.5878906250],[40.11168866559596,-110.566406250]]],["traffic",[[39.97712009843963,-112.5878906250],[40.04443758460857,-110.566406250]]],["traffic",[[39.90973623453718,-112.5878906250],[39.97712009843963,-110.566406250]]],["traffic",[[39.84228602074339,-112.5878906250],[39.90973623453718,-110.566406250]]]],[[19,[[-90.0,-180.0],[90.0,180.0]]],[9,[[-90.0,-180.0],[90.0,180.0]]],[8,[[-90.0,-180.0],[90.0,180.0]]],[14,[[-84.3750,-180.0],[84.3750,180.0]]],[14,[[11.99996170,-127.00000010],[47.0,-57.00000950]]],[18,[[36.89616680,-114.29875910],[42.07965369999999,-108.8436770]]],[18,[[36.89550690000002,-114.29831380],[42.07671399999998,-108.84390770]]],[18,[[40.87275620,-111.07070440],[45.10796420,-106.95458110]]],[20,[[38.12039000000001,-112.3559720],[39.85802419999999,-109.83101690]]],[20,[[39.80979139999999,-112.73891910],[42.02002950,-110.90337080]]],[20,[[38.69087300000001,-112.8233550],[39.85590930000001,-111.69002380]]],[13,[[40.84150310000001,-112.35443110],[41.95695870,-111.18061060]]],[20,[[39.95178220,-112.29125970],[41.40747070,-111.42333980]]],[20,[[40.86914060000001,-112.32971190],[41.94030759999998,-111.23107910]]],[19,[[40.02524249999999,-111.23643810],[40.61481620000001,-109.25075590]]],[20,[[38.95751949999999,-112.61535640],[40.02868649999999,-111.67053220]]],[19,[[40.99665279999999,-112.13603930],[41.37725570000001,-111.86203270]]],[19,[[40.87621419999999,-112.00490270],[41.01334230000001,-111.73585020]]]],[[["m",[9,93,188],220288199],["m",[9,94,188],220000000],["m",[9,95,188],220212741],["m",[9,96,188],220297681],["m",[9,97,188],220000000],["m",[9,98,188],220000000],["m",[9,99,188],220341861],["m",[9,100,188],220000000],["m",[9,101,188],220136006],["m",[9,93,189],220288199],["m",[9,94,189],220287504],["m",[9,95,189],220117190],["m",[9,96,189],220171178],["m",[9,97,189],220000000],["m",[9,98,189],220000000],["m",[9,99,189],220000000],["m",[9,100,189],220000000],["m",[9,101,189],220000000],["m",[9,93,190],220000000],["m",[9,94,190],220287504],["m",[9,95,190],220065775],["m",[9,96,190],220290160],["m",[9,97,190],220201021],["m",[9,98,190],220000000],["m",[9,99,190],220000000],["m",[9,100,190],220125997],["m",[9,101,190],220000000],["m",[9,93,191],220000000],["m",[9,94,191],220000000],["m",[9,95,191],220000000],["m",[9,96,191],220310752],["m",[9,97,191],220126904],["m",[9,98,191],220017047],["m",[9,99,191],220000000],["m",[9,100,191],220000000],["m",[9,101,191],220000000],["m",[9,93,192],220174474],["m",[9,94,192],220000000],["m",[9,95,192],220000000],["m",[9,96,192],220340219],["m",[9,97,192],220316868],["m",[9,98,192],220000000],["m",[9,99,192],220324471],["m",[9,100,192],220255259],["m",[9,101,192],220186316],["m",[9,93,193],220015119],["m",[9,94,193],220000000],["m",[9,95,193],220000000],["m",[9,96,193],220316730],["m",[9,97,193],220323718],["m",[9,98,193],220102117],["m",[9,99,193],220000000],["m",[9,100,193],220115331],["m",[9,101,193],220341911],["m",[9,93,194],220000000],["m",[9,94,194],220000000],["m",[9,95,194],220000000],["m",[9,96,194],220328554],["m",[9,97,194],220325069],["m",[9,98,194],220325069],["m",[9,99,194],220000000],["m",[9,100,194],220000000],["m",[9,101,194],220172288],["m",[9,93,195],220000000],["m",[9,94,195],220000000],["m",[9,95,195],220000000],["m",[9,96,195],220290474],["m",[9,97,195],220325069],["m",[9,98,195],220325069],["m",[9,99,195],220139666],["m",[9,100,195],220311250],["m",[9,101,195],220324725],["m",[9,93,196],220000000],["m",[9,94,196],220000000],["m",[9,95,196],220000000],["m",[9,96,196],220022073],["m",[9,97,196],220000000],["m",[9,98,196],220280191],["m",[9,99,196],220324761],["m",[9,100,196],220317833],["m",[9,101,196],220203583],["m",[8,46,94],220316501],["m",[8,47,94],220287504],["m",[8,48,94],220175448],["m",[8,49,94],220000000],["m",[8,50,94],220136006],["m",[8,46,95],220287504],["m",[8,47,95],220287504],["m",[8,48,95],220310752],["m",[8,49,95],220125997],["m",[8,50,95],220177360],["m",[8,46,96],220174474],["m",[8,47,96],220000000],["m",[8,48,96],220340219],["m",[8,49,96],220324471],["m",[8,50,96],220341911],["m",[8,46,97],220134087],["m",[8,47,97],220000000],["m",[8,48,97],220290474],["m",[8,49,97],220325069],["m",[8,50,97],220323542],["m",[8,46,98],220129405],["m",[8,47,98],220255574],["m",[8,48,98],220212939],["m",[8,49,98],220280191],["m",[8,50,98],220256133],["m",[10,190,381],220000000],["m",[10,191,381],220000000],["m",[10,192,381],220000000],["m",[10,193,381],220315739],["m",[10,194,381],220201021],["m",[10,195,381],220000000],["m",[10,196,381],220000000],["m",[10,197,381],220000000],["m",[10,198,381],220000000],["m",[10,190,382],220000000],["m",[10,191,382],220000000],["m",[10,192,382],220000000],["m",[10,193,382],220247999],["m",[10,194,382],220126904],["m",[10,195,382],220000000],["m",[10,196,382],220316831],["m",[10,197,382],220000000],["m",[10,198,382],220000000],["m",[10,190,383],220000000],["m",[10,191,383],220000000],["m",[10,192,383],220000000],["m",[10,193,383],220318956],["m",[10,194,383],220000000],["m",[10,195,383],220000000],["m",[10,196,383],220316831],["m",[10,197,383],220000000],["m",[10,198,383],220000000],["m",[10,190,384],220000000],["m",[10,191,384],220000000],["m",[10,192,384],220000000],["m",[10,193,384],220340219],["m",[10,194,384],220290955],["m",[10,195,384],220000000],["m",[10,196,384],220000000],["m",[10,197,384],220000000],["m",[10,198,384],220324471],["m",[10,190,385],220000000],["m",[10,191,385],220000000],["m",[10,192,385],220332108],["m",[10,193,385],220338343],["m",[10,194,385],220324783],["m",[10,195,385],220219609],["m",[10,196,385],220323652],["m",[10,197,385],220000000],["m",[10,198,385],220000000],["m",[10,190,386],220000000],["m",[10,191,386],220000000],["m",[10,192,386],220000000],["m",[10,193,386],220316730],["m",[10,194,386],220325483],["m",[10,195,386],220290970],["m",[10,196,386],220102117],["m",[10,197,386],220000000],["m",[10,198,386],220000000],["m",[10,190,387],220000000],["m",[10,191,387],220000000],["m",[10,192,387],220188936],["m",[10,193,387],220188936],["m",[10,194,387],220323744],["m",[10,195,387],220323744],["m",[10,196,387],220018399],["m",[10,197,387],220000000],["m",[10,198,387],220000000],["m",[10,190,388],220000000],["m",[10,191,388],220000000],["m",[10,192,388],220256159],["m",[10,193,388],220328554],["m",[10,194,388],220324732],["m",[10,195,388],220306673],["m",[10,196,388],220186351],["m",[10,197,388],220000000],["m",[10,198,388],220000000],["m",[10,190,389],220000000],["m",[10,191,389],220000000],["m",[10,192,389],220000000],["m",[10,193,389],220290474],["m",[10,194,389],220196396],["m",[10,195,389],220000000],["m",[10,196,389],220324471],["m",[10,197,389],220290880],["m",[10,198,389],220000000]]],0] )


